20092016122700   460       249105.00                               
7521481412841                   4027660209068677           450.0000
7521481413385                   4027660210152171           450.0000
7521481412018                   4027660909522478           450.0000
7521481413491                   4027662669276063           450.0000
7521481413762                   4027662679073658           450.0000
7521481413607                   4027662684161969           450.0000
7521481414053                   4027662684162440           450.0000
7521481413378                   4027662691898009           450.0000
7521481412749-2773-3750         4027663101638001          1350.0000
7521481413967                   4027663840233951           450.0000
7521481413004-3114              4027664101798670           900.0000
7521481413920                   4027664105170369           450.0000
7521481412776                   4027664107391132           450.0000
7521481413308-3309              4027664113541704           900.0000
7521481413525                   4027664116286539           450.0000
7521481414145                   4027664120572023           450.0000
7521481414127                   4027664120729755           450.0000
7521481413426-3427-3429         4043601816094052          1350.0000
7521481413166-4020              4053060038922599           900.0000
752148141960                    4053069031093118           450.0000
7521481413828                   4053069031310702           450.0000
7521481413205-3206              4098512085214269           900.0000
7521481413335                   4098512428953169           450.0000
7521481412908                   4098513004810054           450.0000
7521481413886                   4098513010795810           450.0000
7521481413076                   4101812501920829           450.0000
752148141737                    4152312183136917           450.0000
7521481413242-3243-3244-3285    4152312184022454          1800.0000
7521481412858                   4152312188182882           450.0000
7521481412837-2838              4152312196969114           900.0000
7521481412982                   4152312206265396           450.0000
7521481411059                   4152312245166324           450.0000
752148141123                    4152312255453554           450.0000
7521481411983                   4152312255454016           450.0000
7521481413664                   4152312277947492           450.0000
7521481413150                   4152312286572810           450.0000
7521481414146                   4152312315593480           450.0000
7521481411302                   4152312331112570           450.0000
7521481412007                   4152312335348907           450.0000
7521481413331                   4152312343139934           450.0000
7521481413683                   4152312353595025           450.0000
7521481413629                   4152312362137066           450.0000
7521481413959                   4152312376073968           450.0000
7521481411890                   4152312376074495           450.0000
7521481413448-3449              4152312376315799           900.0000
7521481413375                   4152312378368267           450.0000
7521481413504                   4152312380529633           450.0000
7521481412563                   4152312412589126           450.0000
7521481413781-3780              4152312415643979           900.0000
7521481413070                   4152312448911708           450.0000
7521481412314                   4152312464507661           450.0000
7521481413213                   4152312464948295           450.0000
7521481413439-3440              4152312909759570           900.0000
7521481413164                   4152312911710595           450.0000
7521481412857                   4152313006092758           450.0000
7521481413037                   4152313007986271           450.0000
7521481412555                   4152313008235116           450.0000
7521481413867                   4152313025775233           450.0000
7521481413821                   4152313028305782           450.0000
7521481413305-3306              4152313030997188           900.0000
7521481413307                   4152313032505070           450.0000
7521481413526                   4152313037697906           450.0000
7521481413531-3532              4152313042285267           900.0000
7521481413238                   4152313043874382           450.0000
7521481413000                   4152313046943465           450.0000
7521481413754-3755              4152313047875344           900.0000
7521481412863-2864              4152313051933195           900.0000
7521481413073                   4152313059608724           450.0000
7521481411407                   4152313060494239           450.0000
7521481412905                   4152313060498610           450.0000
7521481413124                   4152313061093709           450.0000
7521481413122                   4152313064336089           450.0000
7521481412778                   4152313068414239           450.0000
7521481411038                   4152313070690362           450.0000
7521481413310-3311              4152313076449565           900.0000
7521481413402-3403              4152313076743629           900.0000
7521481412818                   4152313078246449           450.0000
7521481413461                   4152313080486207           450.0000
7521481413119                   4152313082382685           450.0000
7521481411122                   4152313083673629           450.0000
7521481413900                   4152313087745431           450.0000
7521481413333                   4152313088203844           450.0000
7521481413045                   4152313088314393           450.0000
7521481414021                   4152313088624627           450.0000
7521481412825-2826              4152313091437090           900.0000
7521481413108                   4152313091824065           450.0000
7521481413103                   4152313095478389           450.0000
7521481412960                   4152313097301480           450.0000
7521481413451                   4152313098775948           450.0000
7521481413467                   4152313099888211           450.0000
7521481413758                   4152313103568965           450.0000
7521481413134                   4152313103747825           450.0000
7521481413829                   4152313104172601           450.0000
7521481413672-3673              4152313108145884           900.0000
7521481411963                   4152313109479928           450.0000
7521481413897                   4152313109515960           450.0000
7521481411240                   4152313111373416           450.0000
7521481413030                   4152313113324912           450.0000
7521481413845                   4152313114240273           450.0000
7521481413498-3497              4152313117057245           900.0000
7521481412331                   4152313119557473           450.0000
7521481413364                   4152313121364017           450.0000
7521481414061                   4152313122672897           450.0000
7521481413013                   4152313126477079           450.0000
7521481414235                   4152313128201543           450.0000
7521481413622                   4152313130772515           450.0000
7521481413825                   4152313132276291           450.0000
7521481413688                   4152313135634900           450.0000
7521481414208                   4152313137646530           450.0000
7521481413815                   4152313140126561           450.0000
7521481413904                   4152313142572689           450.0000
7521481413716                   4152612449364154           450.0000
7521481413235                   4169160219877348           450.0000
752148141899                    4169160249445512           450.0000
7521481413424-4118              4169160273132952           900.0000
7521481413080-3081              4213166009960588           900.0000
7521481414042                   4213166024829362           450.0000
7521481413137-3138              4213166040797973           900.0000
752148141530                    4213166048102135           450.0000
7521481412137                   4213166054721877           450.0000
7521481412967                   4213166057347431           450.0000
7521481412920                   4213169007543752           450.0000
7521481413312                   4213644098273220           450.0000
7521481413123                   4259811005313150           450.0000
752148141735-833                4259840103189444           900.0000
7521481411657                   4268070254442934           450.0000
7521481413146                   4334540108479209           450.0000
7521481413211                   4463510238019012           450.0000
7521481413230                   4463510676071020           450.0000
7521481413186                   4463510739419018           450.0000
7521481414078                   4463510794489018           450.0000
7521481413270                   4540570148407878           450.0000
752148141944-993-994            4552550213993981          1350.0000
7521481411920                   4552550215584382           450.0000
7521481414103                   4552550258157492           450.0000
752148141987                    4552550263460121           450.0000
7521481411954-2890              4552550276301197           900.0000
7521481413059                   4552550278139090           450.0000
7521481413072                   4552550284655584           450.0000
7521481412791                   4552550292738091           450.0000
752148141350                    4555002600532151           450.0000
7521481413044                   4555056708904985           450.0000
7521481412823                   4555452341502783           450.0000
7521481413357                   4631860006150219           450.0000
7521481413063-3064              4658285004789172           900.0000
7521481412850                   4658285005513308           450.0000
7521481413835                   4658285005677269           450.0000
7521481413089                   4658285601489283           450.0000
7521481413499                   4658285601572823           450.0000
7521481414059                   4658285903461733           450.0000
752148141754                    4658285904185547           450.0000
7521481413463-3462              4658285905042002           900.0000
7521481413483-3484              4737011818900887           900.0000
7521481413040-3041              4737011847605374           900.0000
7521481413635                   4737011848848700           450.0000
7521481413130                   4766840167899694           450.0000
7521481413382-3383              4772132370314345           900.0000
7521481412696                   4772132392322714           450.0000
7521481412807                   4772132447303768           450.0000
752148141698                    4772132913379516           450.0000
7521481412737-2738              4772133001182093           900.0000
7521481413147                   4772133001214706           450.0000
7521481413559                   4772133003619639           450.0000
752148141300                    4772133003935779           450.0000
7521481413943                   4772133007847186           450.0000
7521481413417                   4772142702139120           450.0000
7521481413161                   4772143001386198           450.0000
7521481414199-4200-4201         4772912369219294          1350.0000
7521481412719                   4772913004625010           450.0000
7521481411624                   4772913004709442           450.0000
7521481413890                   4772913008903124           450.0000
7521481413500                   4772913010902304           450.0000
7521481413675                   4772913012995009           450.0000
7521481413318-3319              4772913013774726           900.0000
7521481413220-3222              4772913014336350           900.0000
7521481413771                   4772913016463905           450.0000
7521481414309                   4772913016820450           450.0000
7521481413362-3365              4772913017008659           900.0000
7521481412243                   4772913020583284           450.0000
7521481413784                   4910869067678708           450.0000
7521481412547                   4910896042891954           450.0000
7521481413102                   4910896053049369           450.0000
7521481411331                   4910896058119068           450.0000
7521481413363                   4910896064731294           450.0000
7521481413659                   4910896069346809           450.0000
7521481413534                   4910896076827825           450.0000
7521481414120                   4910896080895586           450.0000
7521481414121                   4910896080905179           450.0000
7521481411818                   4910897024074205           450.0000
7521481412988                   4910897028338341           450.0000
7521481413043                   4910897028535144           450.0000
7521481412752                   4912838607820307           450.0000
7521481413906                   4912849503756875           450.0000
7521481413068                   4912849612362938           450.0000
7521481413731                   4912849619594814           450.0000
7521481412852-2853              4913270000335767           900.0000
7521481412918-2919              4913445679704101           900.0000
7521481413969                   4915662024983085           450.0000
7521481413132                   4915662056121703           450.0000
7521481412799                   4915662071200086           450.0000
7521481413748-3745-3744         4915662073904891          1350.0000
7521481414114                   4915662074102396           450.0000
7521481413684-3639              4915662075092380           900.0000
7521481413397                   4915662511030168           450.0000
7521481412981                   4915662713044884           450.0000
7521481413818                   4915662827129613           450.0000
7521481414205                   4915662827858054           450.0000
7521481413272                   4915663020232238           450.0000
7521481412571-3071              4915664038651096           900.0000
7521481413328-3329              4915664051464575           900.0000
7521481413544                   4915664052903266           450.0000
752148141526                    4915666335370130           450.0000
752148141378                    4915666354753018           450.0000
7521481413209-3210              4915667312169107           900.0000
752148141942                    4915667312587126           450.0000
7521481414066                   4915667313793996           450.0000
7521481413143                   4915667314762263           450.0000
7521481412931                   4915667315878373           450.0000
7521481411581                   4915667316035718           450.0000
7521481412957                   4915667330885288           450.0000
7521481413001                   4915667339184964           450.0000
7521481413079-3091              4915667350982759           900.0000
7521481413007                   4915667391589050           450.0000
7521481411052                   4915667392402436           450.0000
7521481413251                   4915667393925096           450.0000
7521481411618                   4915667394320420           450.0000
7521481413388                   4915667399599861           450.0000
7521481413444-3445              4915668312375405           900.0000
7521481413687                   4915668312404569           450.0000
7521481411945                   4915668314102856           450.0000
7521481412980                   4915668314880725           450.0000
7521481414134                   4915668319837092           450.0000
7521481413246-3247              4915668332782705           900.0000
7521481413341                   4915733001064866           450.0000
7521481413148-3149-3278         4918711031477347          1350.0000
752148141234                    4918711033062139           450.0000
7521481414170                   4931610394167060           450.0000
7521481414179-4180              4931610835401623           900.0000
7521481412468                   4931610850282783           450.0000
7521481411614-1615              4931612500940588           900.0000
7521481413816                   4931612700281718           450.0000
7521481412992                   4931613000263901           450.0000
7521481411367                   4931720020182852           450.0000
7521481413728-3729              4931730007220955           900.0000
7521481413298                   4931730008658245           450.0000
7521481412848                   4931730009187004           450.0000
7521481414112                   4931730010364907           450.0000
7521481413280                   4931730010681482           450.0000
7521481413800                   4941330101577364           450.0000
7521481413475                   4941330102855918           450.0000
7521481413066                   4941330103799560           450.0000
7521481413490                   5165760188589625           450.0000
7521481413118                   5177124501911097           450.0000
7521481413455                   5177126461074790           450.0000
7521481413637                   5177126462565093           450.0000
7521481412835                   5177126522812592           450.0000
7521481413453                   5188530021460398           450.0000
7521481413546                   5188530048450570           450.0000
7521481412289                   5188530053819693           450.0000
7521481413441                   5188990610745197           450.0000
7521481413590-3591              5188999002529895           900.0000
7521481414234                   5200219104002368           450.0000
7521481413923                   5204164162784893           450.0000
7521481412860                   5204164175754198           450.0000
7521481413236                   5204164683755893           450.0000
7521481413627-3628              5204164683770991           900.0000
7521481413598                   5204164684415398           450.0000
752148141811                    5204164747536198           450.0000
7521481413861                   5204164834371996           450.0000
752148141667                    5204164851268398           450.0000
7521481414206                   5204164858577791           450.0000
7521481412795                   5204164880376196           450.0000
7521481412995                   5204164894062899           450.0000
7521481413452                   5204164894690392           450.0000
7521481412896                   5204164914399198           450.0000
7521481412471                   5204164915454299           450.0000
7521481412819                   5204164920899496           450.0000
7521481413481                   5204164921489792           450.0000
7521481411720                   5204164956233594           450.0000
7521481413733                   5204164956241795           450.0000
7521481413642-3641              5204164956242298           900.0000
7521481413677                   5204164976800596           450.0000
7521481413257                   5204164982954999           450.0000
7521481412657                   5204164982960996           450.0000
752148141483                    5204164993669297           450.0000
7521481414032                   5204165003111691           450.0000
7521481414125                   5204165006729796           450.0000
7521481414088                   5204165007108495           450.0000
7521481413734                   5204165032076295           450.0000
752148141405                    5204165048649598           450.0000
7521481413864                   5204167194329991           450.0000
7521481412725                   5204167197106792           450.0000
7521481413344                   5221300003392590           450.0000
752148141560                    5221300009297793           450.0000
7521481413413                   5221300100338538           450.0000
7521481413348                   5221300100400478           450.0000
7521481412437                   5221300100736590           450.0000
7521481413214                   5256780198177898           450.0000
7521481412894                   5256780250131999           450.0000
7521481413624                   5256780284278899           450.0000
7521481413428                   5256780888217000           450.0000
7521481413996                   5256780890800292           450.0000
7521481412973                   5256780932264192           450.0000
7521481413523                   5256780994848395           450.0000
7521481412747                   5256781023012391           450.0000
7521481412451                   5256781047949792           450.0000
7521481412459                   5256781058387296           450.0000
7521481412817                   5256781135054398           450.0000
7521481413252                   5256781138786293           450.0000
7521481414046                   5256781173202396           450.0000
752148141724                    5256781223417994           450.0000
7521481411996                   5256781237869990           450.0000
7521481413288                   5256781255106291           450.0000
7521481412748                   5256781270132496           450.0000
7521481412940                   5256781377271791           450.0000
7521481412867-3903              5256781414840293           900.0000
7521481412756                   5256781432819097           450.0000
7521481411761                   5256781513119292           450.0000
7521481413954                   5256781515796790           450.0000
7521481413258                   5256781516264996           450.0000
7521481413139                   5256781562375795           450.0000
7521481411318                   5256781562394697           450.0000
7521481413645                   5256781608377490           450.0000
7521481413489-3488              5256781657914292           900.0000
7521481413615                   5256781670569990           450.0000
7521481413680                   5256781714717498           450.0000
7521481413844                   5256781717528397           450.0000
7521481413425                   5256781747425499           450.0000
7521481414116                   5256781784714292           450.0000
7521481411536-1537              5256786021041193           900.0000
7521481413551-3550              5256786023062791           900.0000
7521481413358                   5256786033094990           450.0000
7521481412796                   5256786035400591           450.0000
7521481413665                   5256786038932293           450.0000
7521481412409                   5256788094502390           450.0000
7521481413031                   5264890001078116           450.0000
7521481411280                   5264890001078199           450.0000
7521481411955-3057              5264980100704918           900.0000
7521481413082-3083-3084-3085    5288430302896775          1800.0000
7521481413421-3422              5288430511469414           900.0000
7521481411914                   5288430520168395           450.0000
7521481413317                   5288430573111193           450.0000
7521481411267-148               5288430573255792           900.0000
7521481411160                   5288430589913293           450.0000
7521481413836                   5288430914560694           450.0000
7521481413390                   5288439100726464           450.0000
7521481412882                   5288439101101626           450.0000
7521481413916-3917              5288439101236075           900.0000
752148141836                    5288439104615010           450.0000
7521481411837                   5288510054745229           450.0000
7521481413190                   5288510094489689           450.0000
7521481413543                   5290910035147683           450.0000
752148141110-111-370            5290910068424272          1350.0000
7521481413032                   5300560605764892           450.0000
7521481413418-3419              5300560606308293           900.0000
7521481413824                   5300560631831699           450.0000
7521481412950                   5300569100017821           450.0000
7521481414054                   5314440000868842           450.0000
7521481413296                   5358750201328363           450.0000
752148141922                    5358750204890468           450.0000
7521481413212                   5378304504464040           450.0000
7521481413930                   5399759618350317           450.0000
7521481413874                   5399759813591178           450.0000
7521481413264                   5412868002499599           450.0000
7521481414272                   5442049042800856           450.0000
7521481412746                   5453759042184863           450.0000
7521481412703                   5453759043191214           450.0000
7521481413513                   5470464939004279           450.0000
7521481414161                   5470466000066985           450.0000
752148141798                    5470466001678583           450.0000
7521481413557-3558              5470466008695960           900.0000
7521481413693-3694              5470466009137947           900.0000
7521481413717                   5470466009507446           450.0000
7521481413840                   5470466011743633           450.0000
7521481413981                   5470467005068557           450.0000
7521481413705-3657              5470467005675104           900.0000
7521481413706                   5470467005675109           450.0000
7521481413793                   5470467006430251           450.0000
7521481413442-3443              5470467007473177           900.0000
7521481414285                   5470469434189075           450.0000
7521481413140                   5471460060892317           450.0000
7521481411970                   5471460092965818           450.0000
7521481413910                   5471460092980833           450.0000
7521481413965                   5482340248858819           450.0000
7521481413613                   5482340310130386           450.0000
752148141317-469                5482340332517875           900.0000
7521481413379-3380              5482340970883399           900.0000
7521481413617                   5482341006952299           450.0000
7521481412948-2949              5482341200933798           900.0000
7521481413266                   5482341201067901           450.0000
7521481411080-1081              5482341202432732           900.0000
752148141656                    5491380052644276           450.0000
7521481413565                   5491380134347492           450.0000
7521481412996                   5491380137229895           450.0000
7521481412246                   5491380141924895           450.0000
7521481413036                   5491380200146497           450.0000
7521481414202                   5491380202516952           450.0000
7521481412875-2876              5491380202674355           900.0000
7521481413666                   5496390001507495           450.0000
7521481413652                   5499490403986490           450.0000
7521481413940                   5499490501730210           450.0000
7521481413110                   5512380439214996           450.0000
7521481411207                   5512380459272718           450.0000
7521481413951                   5512380475312183           450.0000
7521481412878                   5512380486054428           450.0000
7521481413005                   5512380486544402           450.0000
7521481413386                   5512380489692935           450.0000
7521481414273-4274              5512380492801614           900.0000
7521481414197                   5512380492955154           450.0000
7521481412925                   5544920281843392           450.0000
7521481414267                   5546293004426186           450.0000
7521481413021                   5579070020325794           450.0000
7521481412779                   5579070020434356           450.0000
7521481412132                   5579070021753077           450.0000
7521481413915                   5579070022394587           450.0000
7521481413742                   5579070025435978           450.0000
7521481413539                   5579070032686290           450.0000
7521481413446                   5579070037557918           450.0000
7521481412784                   5579070037880732           450.0000
7521481413165-3715              5579070039247534           900.0000
7521481413697                   5579070040488515           450.0000
7521481413786                   5579070041366744           450.0000
7521481414243                   5579070043735649           705.0000
7521481414057                   5579070049698528           450.0000
7521481413316                   5579100015476938           450.0000
7521481414231                   5579100051951422           450.0000
7521481412410-2712-3768         5579100070394133          1350.0000
7521481413769                   5579100073636712           450.0000
7521481413170                   5579100088661358           450.0000
752148141871                    5579100099848168           450.0000
7521481412830                   5579100102022694           450.0000
7521481411703-1704              5579100112825425           900.0000
7521481411632                   5579100120842305           450.0000
7521481413942                   5579100131037341           450.0000
7521481413516                   5579100131676676           450.0000
7521481413823                   5579100131702597           450.0000
7521481413668                   5579100132657824           450.0000
7521481413651                   5579100134658903           450.0000
7521481413127-3372              5579209052079263           900.0000
7521481413019                   5579209052259550           450.0000
7521481413661                   5579209056912543           450.0000
7521481413381-3492              5579209056913855           900.0000
7521481412735                   5579209057205806           450.0000
7521481413863                   5579209057207182           450.0000
7521481413827                   5579209065373729           450.0000
752148141428                    5579209065677541           450.0000
7521481414207                   5579209068008066           450.0000
7521481412917                   5579209068008330           450.0000
7521481413433                   5579209070398695           450.0000
7521481413014                   5579209070476681           450.0000
7521481412147                   5579209070603193           450.0000
7521481412400-2975              5579209072035089           900.0000
7521481413016                   5579209074237410           450.0000
7521481412266                   5579209075273422           450.0000
7521481413029                   5579209075500683           450.0000
7521481413106                   5579209076852299           450.0000
7521481413218-3219              5579209080444059           900.0000
7521481412158                   5579209082673085           450.0000
7521481413508                   5887726828390424           450.0000
7521481413494                   8548731080721998           450.0000
